
x1=1;
x2=0.38231;

f=x1.^2 -10*x2.*cos(0.2*pi*x1)+x2.^2-15*x1.*cos(0.4*pi*x2)
